name: C:\Users\kenne\python-projects\reddit-religion-scraper\env
channels:
  - conda-forge
  - defaults
dependencies:
  - brotli-python=1.1.0=py312h53d5487_1
  - bzip2=1.0.8=hcfcfb64_5
  - ca-certificates=2024.2.2=h56e8100_0
  - certifi=2024.2.2=pyhd8ed1ab_0
  - charset-normalizer=3.3.2=pyhd8ed1ab_0
  - idna=3.6=pyhd8ed1ab_0
  - intel-openmp=2024.0.0=h57928b3_49841
  - libblas=3.9.0=21_win64_mkl
  - libcblas=3.9.0=21_win64_mkl
  - libexpat=2.5.0=h63175ca_1
  - libffi=3.4.2=h8ffe710_5
  - libhwloc=2.9.3=default_haede6df_1009
  - libiconv=1.17=hcfcfb64_2
  - liblapack=3.9.0=21_win64_mkl
  - libsqlite=3.45.1=hcfcfb64_0
  - libxml2=2.12.5=hc3477c8_0
  - libzlib=1.2.13=hcfcfb64_5
  - mkl=2024.0.0=h66d3029_49657
  - numpy=1.26.4=py312h8753938_0
  - openssl=3.2.1=hcfcfb64_0
  - pandas=2.2.1=py312h2ab9e98_0
  - pip=24.0=pyhd8ed1ab_0
  - praw=7.7.1=pyhd8ed1ab_0
  - prawcore=2.4.0=pyhd8ed1ab_0
  - pthreads-win32=2.9.1=hfa6e2cd_3
  - pysocks=1.7.1=pyh0701188_6
  - python=3.12.2=h2628c8c_0_cpython
  - python-dateutil=2.9.0=pyhd8ed1ab_0
  - python-dotenv=1.0.1=pyhd8ed1ab_0
  - python-tzdata=2024.1=pyhd8ed1ab_0
  - python_abi=3.12=4_cp312
  - pytz=2024.1=pyhd8ed1ab_0
  - requests=2.31.0=pyhd8ed1ab_0
  - setuptools=69.1.1=pyhd8ed1ab_0
  - six=1.16.0=pyh6c4a22f_0
  - tbb=2021.11.0=h91493d7_1
  - tk=8.6.13=h5226925_1
  - tzdata=2024a=h0c530f3_0
  - ucrt=10.0.22621.0=h57928b3_0
  - update_checker=0.18.0=pyh9f0ad1d_0
  - urllib3=2.2.1=pyhd8ed1ab_0
  - vc=14.3=hcf57466_18
  - vc14_runtime=14.38.33130=h82b7239_18
  - vs2015_runtime=14.38.33130=hcb4865c_18
  - websocket-client=1.7.0=pyhd8ed1ab_0
  - wheel=0.42.0=pyhd8ed1ab_0
  - win_inet_pton=1.1.0=pyhd8ed1ab_6
  - xz=5.2.6=h8d14728_0
prefix: C:\Users\kenne\python-projects\reddit-religion-scraper\env
